-9659
-9573
-9466
-9084
-9040
-8858
-8437
-8353
-8204
-8072
-7663
-7659
-7658
-7654
-7517
-7108
-6803
-6580
-6550
-6332
-6091
-5884
-5819
-5687
-5548
-5497
-5404
-5218
-5105
-4618
-4614
-3651
-3327
-3124
-3082
-3066
-2744
-2437
-2427
-2357
-1983
-1830
-1651
-1513
-1021
-922
-711
-641
-408
-376
-283
-181
-28
71
712
910
1235
1763
1805
1839
1881
1973
2540
2757
2869
3240
3420
3485
3725
3904
4285
4338
4594
4896
4932
5825
5876
6081
6711
6797
8045
8137
8177
8182
8626
8983
9064
10018
10290
10333
10659
10689
10962
11653
11778
11797
11935
12268
12558
12568
12597
12677
13184
13664
13996
14260
14764
14843
15046
15090
15320
15340
15394
15574
15842
16530
16819
16843
17011
17132
17423
17772
17980
18057
18130
18724
18764
18809
18924
19044
19432
19468
19763
20547
20552
20607
20664
20674
21023
21388
21400
21406
21658
21807
21866
22084
22089
22447
22476
22766
22958
23273
23481
23540
23623
24011
24301
24531
24792
24892
24985
25282
25435
25653
25678
25717
25854
26380
26544
26725
26794
26826
27002
27040
27159
27171
27432
28525
28911
29301
29659
30661
30863
31010
31107
31190
31327
31575
31722
32269
32829
33065
33299
33382
33475
33603
33811
34058
34331
34880
35223
35314
35436
36089
36338
36707
36888
37044
37195
37355
37450
37738
38027
38131
38929
39477
39541
39618
39818
40381
40389
40666
40790
40994
42026
42389
42849
42995
42996
43144
43322
43745
43747
43848
43868
44032
44140
44201
44230
44257
44791
45054
45329
45383
45400
45914
46082
46087
46287
46563
46623
46677
47042
47185
47268
47322
47447
47480
47822
47996
48056
48247
48463
49094
49152
49179
49260
49357
49363
49443
49517
49671
49803
50139
50180
50282
50345
50925
50957
50976
51017
51667
51777
52229
52389
52406
53098
53248
53693
53753
53774
53835
53942
53988
54007
54329
54397
55055
55287
55301
55414
55823
56028
56192
56654
56820
57090
57153
57331
57342
57598
57809
57843
57924
57969
58008
58084
58123
58498
58734
59097
59107
59415
59621
59716
60123
60194
60317
60446
60822
61123
61144
61585
61617
61787
61865
62231
63002
63330
63611
63627
63742
64114
64176
64542
64886
65003
65413
65429
65635
65918
65970
66541
66556
66798
67384
68245
68714
68836
68847
68956
69087
69105
69505
69818
70202
70976
71014
71293
71797
72069
72148
72408
73148
73249
73355
73507
73653
73807
74014
74142
74262
74787
74859
74883
75402
75574
75605
75722
75752
76147
76502
76795
77237
77282
77546
77899
78374
78446
78512
78530
78677
79066
79068
79122
79237
79340
79841
80184
80485
80942
80954
81018
81043
81151
81566
81610
81690
81777
82100
82108
82379
82630
82776
82873
83219
83891
84242
84705
85311
85327
85648
85676
86180
86289
86765
86992
87561
87794
87835
87854
88382
88666
88719
88725
88813
88993
89103
89546
89734
89993
90575
90931
91268
91448
91642
91948
92161
92333
92340
92422
92845
92912
92957
93187
93211
93774
93918
93947
94609
94634
94834
94876
95353
95406
95584
95628
95642
95800
95956
96050
96333
96493
96518
96766
96872
97047
97270
97368
97679
97925
97997
98020
98052
98291
98296
98614
98680
98710
98951